TRAINING:
	 Accuracy = 0.9414634146341463
	 IOU = 0.6414248482801679
TESTING:
	 Accuracy = 0.9305555555555556
	 IOU = 0.6160955038344945
