TRAINING:
	 Accuracy = 0.9463414634146341
	 IOU = 0.5576703964520848
TESTING:
	 Accuracy = 0.9027777777777778
	 IOU = 0.5197250906842573
